baseline|0.0|baseline|0.0|0.0|0.0|0|0.0|0.0|0.0
lateral|0.5|lateral_050|0.5|0.0|0.0|0|0.0|0.0|0.0
lateral|1.0|lateral_100|1.0|0.0|0.0|0|0.0|0.0|0.0
lateral|2.0|lateral_200|2.0|0.0|0.0|0|0.0|0.0|0.0
lateral|4.0|lateral_400|4.0|0.0|0.0|0|0.0|0.0|0.0
lateral|8.0|lateral_800|8.0|0.0|0.0|0|0.0|0.0|0.0
contrast|0.5|contrast_050|0.0|0.5|0.05|0|0.0|0.0|0.0
contrast|1.0|contrast_100|0.0|1.0|0.10|0|0.0|0.0|0.0
contrast|2.0|contrast_200|0.0|2.0|0.20|0|0.0|0.0|0.0
contrast|4.0|contrast_400|0.0|4.0|0.40|0|0.0|0.0|0.0
contrast|8.0|contrast_800|0.0|8.0|0.80|0|0.0|0.0|0.0
pyramidal|0.0|pyramidal_000|0.0|0.0|0.0|1|0.0|0.0|0.0
pyramidal|0.5|pyramidal_050|0.0|0.0|0.0|1|0.5|0.0|0.0
pyramidal|1.0|pyramidal_100|0.0|0.0|0.0|1|1.0|0.0|0.0
pyramidal|2.0|pyramidal_200|0.0|0.0|0.0|1|2.0|0.0|0.0
pyramidal|4.0|pyramidal_400|0.0|0.0|0.0|1|4.0|0.0|0.0
pyramidal|8.0|pyramidal_800|0.0|0.0|0.0|1|8.0|0.0|0.0
axon|0.25|axon_025|0.0|0.0|0.0|0|0.0|0.25|0.0
axon|0.5|axon_050|0.0|0.0|0.0|0|0.0|0.5|0.0
axon|1.0|axon_100|0.0|0.0|0.0|0|0.0|1.0|0.0
axon|2.0|axon_200|0.0|0.0|0.0|0|0.0|2.0|0.0
axon|4.0|axon_400|0.0|0.0|0.0|0|0.0|4.0|0.0
dendrite|0.25|dendrite_025|0.0|0.0|0.0|0|0.0|0.0|0.25
dendrite|0.5|dendrite_050|0.0|0.0|0.0|0|0.0|0.0|0.5
dendrite|1.0|dendrite_100|0.0|0.0|0.0|0|0.0|0.0|1.0
dendrite|2.0|dendrite_200|0.0|0.0|0.0|0|0.0|0.0|2.0
dendrite|4.0|dendrite_400|0.0|0.0|0.0|0|0.0|0.0|4.0
