baseline|0.0|baseline|0.0|0.0|0.0|0|0.0|0.0|0.0
lateral|0.01|lateral_001|0.01|0.0|0.0|0|0.0|0.0|0.0
lateral|0.03|lateral_003|0.03|0.0|0.0|0|0.0|0.0|0.0
lateral|0.05|lateral_005|0.05|0.0|0.0|0|0.0|0.0|0.0
lateral|0.08|lateral_008|0.08|0.0|0.0|0|0.0|0.0|0.0
lateral|0.12|lateral_012|0.12|0.0|0.0|0|0.0|0.0|0.0
lateral|0.16|lateral_016|0.16|0.0|0.0|0|0.0|0.0|0.0
lateral|0.24|lateral_024|0.24|0.0|0.0|0|0.0|0.0|0.0
lateral|0.32|lateral_032|0.32|0.0|0.0|0|0.0|0.0|0.0
contrast|0.25|contrast_k025|0.0|0.025|0.0025|0|0.0|0.0|0.0
contrast|0.50|contrast_k050|0.0|0.050|0.0050|0|0.0|0.0|0.0
contrast|1.00|contrast_k100|0.0|0.100|0.0100|0|0.0|0.0|0.0
contrast|1.50|contrast_k150|0.0|0.150|0.0150|0|0.0|0.0|0.0
contrast|2.00|contrast_k200|0.0|0.200|0.0200|0|0.0|0.0|0.0
contrast|3.00|contrast_k300|0.0|0.300|0.0300|0|0.0|0.0|0.0
contrast|4.00|contrast_k400|0.0|0.400|0.0400|0|0.0|0.0|0.0
contrast|6.00|contrast_k600|0.0|0.600|0.0600|0|0.0|0.0|0.0
pyramidal|0.000|pyramidal_000|0.0|0.0|0.0|1|0.000|0.0|0.0
pyramidal|0.005|pyramidal_0005|0.0|0.0|0.0|1|0.005|0.0|0.0
pyramidal|0.010|pyramidal_001|0.0|0.0|0.0|1|0.010|0.0|0.0
pyramidal|0.020|pyramidal_002|0.0|0.0|0.0|1|0.020|0.0|0.0
pyramidal|0.040|pyramidal_004|0.0|0.0|0.0|1|0.040|0.0|0.0
pyramidal|0.080|pyramidal_008|0.0|0.0|0.0|1|0.080|0.0|0.0
pyramidal|0.120|pyramidal_012|0.0|0.0|0.0|1|0.120|0.0|0.0
pyramidal|0.160|pyramidal_016|0.0|0.0|0.0|1|0.160|0.0|0.0
pyramidal|0.240|pyramidal_024|0.0|0.0|0.0|1|0.240|0.0|0.0
axon|0.005|axon_0005|0.0|0.0|0.0|0|0.0|0.005|0.0
axon|0.010|axon_001|0.0|0.0|0.0|0|0.0|0.010|0.0
axon|0.020|axon_002|0.0|0.0|0.0|0|0.0|0.020|0.0
axon|0.040|axon_004|0.0|0.0|0.0|0|0.0|0.040|0.0
axon|0.080|axon_008|0.0|0.0|0.0|0|0.0|0.080|0.0
axon|0.120|axon_012|0.0|0.0|0.0|0|0.0|0.120|0.0
axon|0.200|axon_020|0.0|0.0|0.0|0|0.0|0.200|0.0
axon|0.300|axon_030|0.0|0.0|0.0|0|0.0|0.300|0.0
dendrite|0.005|dendrite_0005|0.0|0.0|0.0|0|0.0|0.0|0.005
dendrite|0.010|dendrite_001|0.0|0.0|0.0|0|0.0|0.0|0.010
dendrite|0.020|dendrite_002|0.0|0.0|0.0|0|0.0|0.0|0.020
dendrite|0.040|dendrite_004|0.0|0.0|0.0|0|0.0|0.0|0.040
dendrite|0.080|dendrite_008|0.0|0.0|0.0|0|0.0|0.0|0.080
dendrite|0.120|dendrite_012|0.0|0.0|0.0|0|0.0|0.0|0.120
dendrite|0.200|dendrite_020|0.0|0.0|0.0|0|0.0|0.0|0.200
dendrite|0.300|dendrite_030|0.0|0.0|0.0|0|0.0|0.0|0.300
